2025-04-15 18:52:06.178856: current_user: id=1, is_admin=True
2025-04-15 18:52:06.179008: Bắt đầu xử lý yêu cầu view_bills
2025-04-15 18:52:06.179151: Trước khi kiểm tra request.method
2025-04-15 18:52:06.179239: Phương thức: GET
2025-04-15 18:52:06.179305: Trước khi kiểm tra kết nối cơ sở dữ liệu
2025-04-15 18:52:06.179720: Kết nối cơ sở dữ liệu thành công: 1
2025-04-15 18:52:06.179797: Hiển thị template mặc định cho GET
2025-04-15 18:52:09.789420: current_user: id=1, is_admin=True
2025-04-15 18:52:09.789572: Bắt đầu xử lý yêu cầu view_bills
2025-04-15 18:52:09.789712: Trước khi kiểm tra request.method
2025-04-15 18:52:09.789800: Phương thức: POST
2025-04-15 18:52:09.789985: Trước khi kiểm tra kết nối cơ sở dữ liệu
2025-04-15 18:52:09.790226: Kết nối cơ sở dữ liệu thành công: 1
2025-04-15 18:52:09.790298: Trước khi lấy date_str
2025-04-15 18:52:09.790989: Nhận được date_str: 2025-04-15
2025-04-15 18:52:09.791066: Trước khi chuyển đổi ngày
2025-04-15 18:52:09.792545: Đã chuyển đổi date: 2025-04-15
2025-04-15 18:52:09.792647: Trước khi truy vấn đơn hàng cho ngày: 2025-04-15
2025-04-15 18:52:09.794808: Tìm thấy 19 đơn hàng
2025-04-15 18:52:09.794911: Xử lý đơn hàng: 6
2025-04-15 18:52:09.795012: Trước khi lấy bàn cho đơn hàng 6
2025-04-15 18:52:09.795666: Table cho đơn hàng 6: <Table 1>
2025-04-15 18:52:09.797270: Order items type: <class 'sqlalchemy.orm.collections.InstrumentedList'>
2025-04-15 18:52:09.797402: Xử lý mục: order_id=6, item_id=6
2025-04-15 18:52:09.797492: Trước khi lấy món với ID 6
2025-04-15 18:52:09.798265: menu_item: <Item 6>
2025-04-15 18:52:09.798343: Trước khi lấy giá cho món 6
2025-04-15 18:52:09.799280: price_at_order: <PriceItem 6, 2025-04-14 11:40:48.735831>
2025-04-15 18:52:09.799365: Định dạng tiền tệ: 10000.0
2025-04-15 18:52:09.799462: Định dạng tiền tệ: 10000.0
2025-04-15 18:52:09.799577: Xử lý mục: order_id=6, item_id=7
2025-04-15 18:52:09.799646: Trước khi lấy món với ID 7
2025-04-15 18:52:09.800102: menu_item: <Item 7>
2025-04-15 18:52:09.800178: Trước khi lấy giá cho món 7
2025-04-15 18:52:09.800615: price_at_order: <PriceItem 7, 2025-04-14 11:41:18.551949>
2025-04-15 18:52:09.800691: Định dạng tiền tệ: 12000.0
2025-04-15 18:52:09.800789: Định dạng tiền tệ: 12000.0
2025-04-15 18:52:09.800860: Xử lý mục: order_id=6, item_id=8
2025-04-15 18:52:09.800920: Trước khi lấy món với ID 8
2025-04-15 18:52:09.801318: menu_item: <Item 8>
2025-04-15 18:52:09.801394: Trước khi lấy giá cho món 8
2025-04-15 18:52:09.801833: price_at_order: <PriceItem 8, 2025-04-15 00:21:02.708885>
2025-04-15 18:52:09.801908: Định dạng tiền tệ: 30000.0
2025-04-15 18:52:09.801974: Định dạng tiền tệ: 30000.0
2025-04-15 18:52:09.802059: Items cho đơn hàng 6: [{'name': 'Cà phê', 'count': 1.0, 'price': '10,000 VNĐ', 'total': '10,000 VNĐ'}, {'name': 'Cà phê sữa', 'count': 1.0, 'price': '12,000 VNĐ', 'total': '12,000 VNĐ'}, {'name': 'Trà sữa', 'count': 1.0, 'price': '30,000 VNĐ', 'total': '30,000 VNĐ'}]
2025-04-15 18:52:09.802129: Định dạng tiền tệ: 52000.0
2025-04-15 18:52:09.802213: Bill data cho đơn hàng 6: {'order_id': 6, 'order_time': datetime.datetime(2025, 4, 15, 6, 41, 48, 523000), 'table_name': '01', 'items': [{'name': 'Cà phê', 'count': 1.0, 'price': '10,000 VNĐ', 'total': '10,000 VNĐ'}, {'name': 'Cà phê sữa', 'count': 1.0, 'price': '12,000 VNĐ', 'total': '12,000 VNĐ'}, {'name': 'Trà sữa', 'count': 1.0, 'price': '30,000 VNĐ', 'total': '30,000 VNĐ'}], 'total_amount': '52,000 VNĐ'}
2025-04-15 18:52:09.802285: Thêm hóa đơn: order_id=6
2025-04-15 18:52:09.802350: Xử lý đơn hàng: 7
2025-04-15 18:52:09.802500: Trước khi lấy bàn cho đơn hàng 7
2025-04-15 18:52:09.803132: Table cho đơn hàng 7: <Table 2>
2025-04-15 18:52:09.803724: Order items type: <class 'sqlalchemy.orm.collections.InstrumentedList'>
2025-04-15 18:52:09.803848: Xử lý mục: order_id=7, item_id=6
2025-04-15 18:52:09.803928: Trước khi lấy món với ID 6
2025-04-15 18:52:09.804470: menu_item: <Item 6>
2025-04-15 18:52:09.804550: Trước khi lấy giá cho món 6
2025-04-15 18:52:09.805065: price_at_order: <PriceItem 6, 2025-04-14 11:40:48.735831>
2025-04-15 18:52:09.805148: Định dạng tiền tệ: 10000.0
2025-04-15 18:52:09.805217: Định dạng tiền tệ: 10000.0
2025-04-15 18:52:09.805284: Xử lý mục: order_id=7, item_id=7
2025-04-15 18:52:09.805347: Trước khi lấy món với ID 7
2025-04-15 18:52:09.805846: menu_item: <Item 7>
2025-04-15 18:52:09.805929: Trước khi lấy giá cho món 7
2025-04-15 18:52:09.806372: price_at_order: <PriceItem 7, 2025-04-14 11:41:18.551949>
2025-04-15 18:52:09.806450: Định dạng tiền tệ: 12000.0
2025-04-15 18:52:09.806531: Định dạng tiền tệ: 12000.0
2025-04-15 18:52:09.806596: Xử lý mục: order_id=7, item_id=14
2025-04-15 18:52:09.806660: Trước khi lấy món với ID 14
2025-04-15 18:52:09.807040: menu_item: <Item 14>
2025-04-15 18:52:09.807113: Trước khi lấy giá cho món 14
2025-04-15 18:52:09.807483: price_at_order: None
2025-04-15 18:52:09.807558: WARNING: Không tìm thấy giá cho món 14 tại 2025-04-15 06:42:06.575000
2025-04-15 18:52:09.807633: Định dạng tiền tệ: 0
2025-04-15 18:52:09.807697: Định dạng tiền tệ: 0.0
2025-04-15 18:52:09.807769: Items cho đơn hàng 7: [{'name': 'Cà phê', 'count': 1.0, 'price': '10,000 VNĐ', 'total': '10,000 VNĐ'}, {'name': 'Cà phê sữa', 'count': 1.0, 'price': '12,000 VNĐ', 'total': '12,000 VNĐ'}, {'name': 'Mì Cay', 'count': 2.0, 'price': '0 VNĐ', 'total': '0 VNĐ'}]
2025-04-15 18:52:09.807834: Định dạng tiền tệ: 122000.0
2025-04-15 18:52:09.807905: Bill data cho đơn hàng 7: {'order_id': 7, 'order_time': datetime.datetime(2025, 4, 15, 6, 42, 6, 575000), 'table_name': '02', 'items': [{'name': 'Cà phê', 'count': 1.0, 'price': '10,000 VNĐ', 'total': '10,000 VNĐ'}, {'name': 'Cà phê sữa', 'count': 1.0, 'price': '12,000 VNĐ', 'total': '12,000 VNĐ'}, {'name': 'Mì Cay', 'count': 2.0, 'price': '0 VNĐ', 'total': '0 VNĐ'}], 'total_amount': '122,000 VNĐ'}
2025-04-15 18:52:09.807967: Thêm hóa đơn: order_id=7
2025-04-15 18:52:09.808057: Xử lý đơn hàng: 8
2025-04-15 18:52:09.808131: Trước khi lấy bàn cho đơn hàng 8
2025-04-15 18:52:09.808512: Table cho đơn hàng 8: <Table 1>
2025-04-15 18:52:09.808877: Order items type: <class 'sqlalchemy.orm.collections.InstrumentedList'>
2025-04-15 18:52:09.808957: Xử lý mục: order_id=8, item_id=5
2025-04-15 18:52:09.809024: Trước khi lấy món với ID 5
2025-04-15 18:52:09.809411: menu_item: <Item 5>
2025-04-15 18:52:09.809502: Trước khi lấy giá cho món 5
2025-04-15 18:52:09.810003: price_at_order: <PriceItem 5, 2025-04-14 10:27:10.737273>
2025-04-15 18:52:09.810092: Định dạng tiền tệ: 30000.0
2025-04-15 18:52:09.810164: Định dạng tiền tệ: 30000.0
2025-04-15 18:52:09.810232: Items cho đơn hàng 8: [{'name': 'gà rán', 'count': 1.0, 'price': '30,000 VNĐ', 'total': '30,000 VNĐ'}]
2025-04-15 18:52:09.810298: Định dạng tiền tệ: 30000.0
2025-04-15 18:52:09.810411: Bill data cho đơn hàng 8: {'order_id': 8, 'order_time': datetime.datetime(2025, 4, 15, 10, 58, 59, 310000), 'table_name': '01', 'items': [{'name': 'gà rán', 'count': 1.0, 'price': '30,000 VNĐ', 'total': '30,000 VNĐ'}], 'total_amount': '30,000 VNĐ'}
2025-04-15 18:52:09.810478: Thêm hóa đơn: order_id=8
2025-04-15 18:52:09.810539: Xử lý đơn hàng: 9
2025-04-15 18:52:09.810600: Trước khi lấy bàn cho đơn hàng 9
2025-04-15 18:52:09.811067: Table cho đơn hàng 9: <Table 2>
2025-04-15 18:52:09.811461: Order items type: <class 'sqlalchemy.orm.collections.InstrumentedList'>
2025-04-15 18:52:09.811535: Xử lý mục: order_id=9, item_id=5
2025-04-15 18:52:09.811611: Trước khi lấy món với ID 5
2025-04-15 18:52:09.811782: menu_item: <Item 5>
2025-04-15 18:52:09.811850: Trước khi lấy giá cho món 5
2025-04-15 18:52:09.812279: price_at_order: <PriceItem 5, 2025-04-14 10:27:10.737273>
2025-04-15 18:52:09.812352: Định dạng tiền tệ: 30000.0
2025-04-15 18:52:09.812416: Định dạng tiền tệ: 30000.0
2025-04-15 18:52:09.812499: Items cho đơn hàng 9: [{'name': 'gà rán', 'count': 1.0, 'price': '30,000 VNĐ', 'total': '30,000 VNĐ'}]
2025-04-15 18:52:09.812590: Định dạng tiền tệ: 30000.0
2025-04-15 18:52:09.812673: Bill data cho đơn hàng 9: {'order_id': 9, 'order_time': datetime.datetime(2025, 4, 15, 10, 59, 8, 830000), 'table_name': '02', 'items': [{'name': 'gà rán', 'count': 1.0, 'price': '30,000 VNĐ', 'total': '30,000 VNĐ'}], 'total_amount': '30,000 VNĐ'}
2025-04-15 18:52:09.812736: Thêm hóa đơn: order_id=9
2025-04-15 18:52:09.812805: Xử lý đơn hàng: 10
2025-04-15 18:52:09.812864: Trước khi lấy bàn cho đơn hàng 10
2025-04-15 18:52:09.813274: Table cho đơn hàng 10: <Table 3>
2025-04-15 18:52:09.813627: Order items type: <class 'sqlalchemy.orm.collections.InstrumentedList'>
2025-04-15 18:52:09.813706: Xử lý mục: order_id=10, item_id=9
2025-04-15 18:52:09.813782: Trước khi lấy món với ID 9
2025-04-15 18:52:09.814153: menu_item: <Item 9>
2025-04-15 18:52:09.814226: Trước khi lấy giá cho món 9
2025-04-15 18:52:09.814621: price_at_order: None
2025-04-15 18:52:09.814699: WARNING: Không tìm thấy giá cho món 9 tại 2025-04-15 10:59:15.921000
2025-04-15 18:52:09.814778: Định dạng tiền tệ: 0
2025-04-15 18:52:09.814844: Định dạng tiền tệ: 0.0
2025-04-15 18:52:09.814919: Items cho đơn hàng 10: [{'name': 'Trà chanh', 'count': 1.0, 'price': '0 VNĐ', 'total': '0 VNĐ'}]
2025-04-15 18:52:09.814986: Định dạng tiền tệ: 15000.0
2025-04-15 18:52:09.815091: Bill data cho đơn hàng 10: {'order_id': 10, 'order_time': datetime.datetime(2025, 4, 15, 10, 59, 15, 921000), 'table_name': '03', 'items': [{'name': 'Trà chanh', 'count': 1.0, 'price': '0 VNĐ', 'total': '0 VNĐ'}], 'total_amount': '15,000 VNĐ'}
2025-04-15 18:52:09.815154: Thêm hóa đơn: order_id=10
2025-04-15 18:52:09.815223: Xử lý đơn hàng: 11
2025-04-15 18:52:09.815337: Trước khi lấy bàn cho đơn hàng 11
2025-04-15 18:52:09.815728: Table cho đơn hàng 11: <Table 4>
2025-04-15 18:52:09.816078: Order items type: <class 'sqlalchemy.orm.collections.InstrumentedList'>
2025-04-15 18:52:09.816166: Xử lý mục: order_id=11, item_id=7
2025-04-15 18:52:09.816275: Trước khi lấy món với ID 7
2025-04-15 18:52:09.816740: menu_item: <Item 7>
2025-04-15 18:52:09.816821: Trước khi lấy giá cho món 7
2025-04-15 18:52:09.817345: price_at_order: <PriceItem 7, 2025-04-14 11:41:18.551949>
2025-04-15 18:52:09.817436: Định dạng tiền tệ: 12000.0
2025-04-15 18:52:09.817507: Định dạng tiền tệ: 12000.0
2025-04-15 18:52:09.817571: Xử lý mục: order_id=11, item_id=8
2025-04-15 18:52:09.817646: Trước khi lấy món với ID 8
2025-04-15 18:52:09.818097: menu_item: <Item 8>
2025-04-15 18:52:09.818172: Trước khi lấy giá cho món 8
2025-04-15 18:52:09.818601: price_at_order: <PriceItem 8, 2025-04-15 00:21:02.708885>
2025-04-15 18:52:09.818676: Định dạng tiền tệ: 30000.0
2025-04-15 18:52:09.818741: Định dạng tiền tệ: 30000.0
2025-04-15 18:52:09.818861: Xử lý mục: order_id=11, item_id=9
2025-04-15 18:52:09.818944: Trước khi lấy món với ID 9
2025-04-15 18:52:09.819390: menu_item: <Item 9>
2025-04-15 18:52:09.819467: Trước khi lấy giá cho món 9
2025-04-15 18:52:09.819871: price_at_order: None
2025-04-15 18:52:09.819952: WARNING: Không tìm thấy giá cho món 9 tại 2025-04-15 11:01:30.463000
2025-04-15 18:52:09.820065: Định dạng tiền tệ: 0
2025-04-15 18:52:09.820138: Định dạng tiền tệ: 0.0
2025-04-15 18:52:09.820200: Xử lý mục: order_id=11, item_id=11
2025-04-15 18:52:09.820264: Trước khi lấy món với ID 11
2025-04-15 18:52:09.820667: menu_item: <Item 11>
2025-04-15 18:52:09.820746: Trước khi lấy giá cho món 11
2025-04-15 18:52:09.821125: price_at_order: None
2025-04-15 18:52:09.821202: WARNING: Không tìm thấy giá cho món 11 tại 2025-04-15 11:01:30.463000
2025-04-15 18:52:09.821267: Định dạng tiền tệ: 0
2025-04-15 18:52:09.821332: Định dạng tiền tệ: 0.0
2025-04-15 18:52:09.821407: Items cho đơn hàng 11: [{'name': 'Cà phê sữa', 'count': 1.0, 'price': '12,000 VNĐ', 'total': '12,000 VNĐ'}, {'name': 'Trà sữa', 'count': 1.0, 'price': '30,000 VNĐ', 'total': '30,000 VNĐ'}, {'name': 'Trà chanh', 'count': 1.0, 'price': '0 VNĐ', 'total': '0 VNĐ'}, {'name': 'Matcha Latte', 'count': 1.0, 'price': '0 VNĐ', 'total': '0 VNĐ'}]
2025-04-15 18:52:09.821499: Định dạng tiền tệ: 97000.0
2025-04-15 18:52:09.821601: Bill data cho đơn hàng 11: {'order_id': 11, 'order_time': datetime.datetime(2025, 4, 15, 11, 1, 30, 463000), 'table_name': '04', 'items': [{'name': 'Cà phê sữa', 'count': 1.0, 'price': '12,000 VNĐ', 'total': '12,000 VNĐ'}, {'name': 'Trà sữa', 'count': 1.0, 'price': '30,000 VNĐ', 'total': '30,000 VNĐ'}, {'name': 'Trà chanh', 'count': 1.0, 'price': '0 VNĐ', 'total': '0 VNĐ'}, {'name': 'Matcha Latte', 'count': 1.0, 'price': '0 VNĐ', 'total': '0 VNĐ'}], 'total_amount': '97,000 VNĐ'}
2025-04-15 18:52:09.821669: Thêm hóa đơn: order_id=11
2025-04-15 18:52:09.821728: Xử lý đơn hàng: 12
2025-04-15 18:52:09.821789: Trước khi lấy bàn cho đơn hàng 12
2025-04-15 18:52:09.822170: Table cho đơn hàng 12: <Table 10>
2025-04-15 18:52:09.822550: Order items type: <class 'sqlalchemy.orm.collections.InstrumentedList'>
2025-04-15 18:52:09.822664: Xử lý mục: order_id=12, item_id=8
2025-04-15 18:52:09.822748: Trước khi lấy món với ID 8
2025-04-15 18:52:09.823192: menu_item: <Item 8>
2025-04-15 18:52:09.823284: Trước khi lấy giá cho món 8
2025-04-15 18:52:09.823888: price_at_order: <PriceItem 8, 2025-04-15 00:21:02.708885>
2025-04-15 18:52:09.824021: Định dạng tiền tệ: 30000.0
2025-04-15 18:52:09.824104: Định dạng tiền tệ: 30000.0
2025-04-15 18:52:09.824188: Xử lý mục: order_id=12, item_id=9
2025-04-15 18:52:09.824250: Trước khi lấy món với ID 9
2025-04-15 18:52:09.824748: menu_item: <Item 9>
2025-04-15 18:52:09.824825: Trước khi lấy giá cho món 9
2025-04-15 18:52:09.825317: price_at_order: None
2025-04-15 18:52:09.825404: WARNING: Không tìm thấy giá cho món 9 tại 2025-04-15 11:01:40.258000
2025-04-15 18:52:09.825472: Định dạng tiền tệ: 0
2025-04-15 18:52:09.825535: Định dạng tiền tệ: 0.0
2025-04-15 18:52:09.825598: Xử lý mục: order_id=12, item_id=10
2025-04-15 18:52:09.825658: Trước khi lấy món với ID 10
2025-04-15 18:52:09.826071: menu_item: <Item 10>
2025-04-15 18:52:09.826145: Trước khi lấy giá cho món 10
2025-04-15 18:52:09.826539: price_at_order: None
2025-04-15 18:52:09.826612: WARNING: Không tìm thấy giá cho món 10 tại 2025-04-15 11:01:40.258000
2025-04-15 18:52:09.826677: Định dạng tiền tệ: 0
2025-04-15 18:52:09.826738: Định dạng tiền tệ: 0.0
2025-04-15 18:52:09.826800: Xử lý mục: order_id=12, item_id=14
2025-04-15 18:52:09.826859: Trước khi lấy món với ID 14
2025-04-15 18:52:09.827221: menu_item: <Item 14>
2025-04-15 18:52:09.827290: Trước khi lấy giá cho món 14
2025-04-15 18:52:09.827678: price_at_order: None
2025-04-15 18:52:09.827758: WARNING: Không tìm thấy giá cho món 14 tại 2025-04-15 11:01:40.258000
2025-04-15 18:52:09.827844: Định dạng tiền tệ: 0
2025-04-15 18:52:09.827916: Định dạng tiền tệ: 0.0
2025-04-15 18:52:09.827990: Xử lý mục: order_id=12, item_id=15
2025-04-15 18:52:09.828051: Trước khi lấy món với ID 15
2025-04-15 18:52:09.828414: menu_item: <Item 15>
2025-04-15 18:52:09.828489: Trước khi lấy giá cho món 15
2025-04-15 18:52:09.828851: price_at_order: None
2025-04-15 18:52:09.828925: WARNING: Không tìm thấy giá cho món 15 tại 2025-04-15 11:01:40.258000
2025-04-15 18:52:09.829008: Định dạng tiền tệ: 0
2025-04-15 18:52:09.829085: Định dạng tiền tệ: 0.0
2025-04-15 18:52:09.829168: Items cho đơn hàng 12: [{'name': 'Trà sữa', 'count': 1.0, 'price': '30,000 VNĐ', 'total': '30,000 VNĐ'}, {'name': 'Trà chanh', 'count': 1.0, 'price': '0 VNĐ', 'total': '0 VNĐ'}, {'name': 'Machiato', 'count': 1.0, 'price': '0 VNĐ', 'total': '0 VNĐ'}, {'name': 'Mì Cay', 'count': 1.0, 'price': '0 VNĐ', 'total': '0 VNĐ'}, {'name': 'Bánh tráng trộn', 'count': 1.0, 'price': '0 VNĐ', 'total': '0 VNĐ'}]
2025-04-15 18:52:09.829241: Định dạng tiền tệ: 145000.0
2025-04-15 18:52:09.829320: Bill data cho đơn hàng 12: {'order_id': 12, 'order_time': datetime.datetime(2025, 4, 15, 11, 1, 40, 258000), 'table_name': '10', 'items': [{'name': 'Trà sữa', 'count': 1.0, 'price': '30,000 VNĐ', 'total': '30,000 VNĐ'}, {'name': 'Trà chanh', 'count': 1.0, 'price': '0 VNĐ', 'total': '0 VNĐ'}, {'name': 'Machiato', 'count': 1.0, 'price': '0 VNĐ', 'total': '0 VNĐ'}, {'name': 'Mì Cay', 'count': 1.0, 'price': '0 VNĐ', 'total': '0 VNĐ'}, {'name': 'Bánh tráng trộn', 'count': 1.0, 'price': '0 VNĐ', 'total': '0 VNĐ'}], 'total_amount': '145,000 VNĐ'}
2025-04-15 18:52:09.829384: Thêm hóa đơn: order_id=12
2025-04-15 18:52:09.829455: Xử lý đơn hàng: 13
2025-04-15 18:52:09.829523: Trước khi lấy bàn cho đơn hàng 13
2025-04-15 18:52:09.829902: Table cho đơn hàng 13: <Table 16>
2025-04-15 18:52:09.830413: Order items type: <class 'sqlalchemy.orm.collections.InstrumentedList'>
2025-04-15 18:52:09.830521: Xử lý mục: order_id=13, item_id=8
2025-04-15 18:52:09.830755: Trước khi lấy món với ID 8
2025-04-15 18:52:09.831312: menu_item: <Item 8>
2025-04-15 18:52:09.831398: Trước khi lấy giá cho món 8
2025-04-15 18:52:09.831915: price_at_order: <PriceItem 8, 2025-04-15 00:21:02.708885>
2025-04-15 18:52:09.831992: Định dạng tiền tệ: 30000.0
2025-04-15 18:52:09.832118: Định dạng tiền tệ: 30000.0
2025-04-15 18:52:09.832202: Xử lý mục: order_id=13, item_id=11
2025-04-15 18:52:09.832266: Trước khi lấy món với ID 11
2025-04-15 18:52:09.832721: menu_item: <Item 11>
2025-04-15 18:52:09.832795: Trước khi lấy giá cho món 11
2025-04-15 18:52:09.833199: price_at_order: None
2025-04-15 18:52:09.833271: WARNING: Không tìm thấy giá cho món 11 tại 2025-04-15 11:01:51.065000
2025-04-15 18:52:09.833334: Định dạng tiền tệ: 0
2025-04-15 18:52:09.833398: Định dạng tiền tệ: 0.0
2025-04-15 18:52:09.833479: Xử lý mục: order_id=13, item_id=12
2025-04-15 18:52:09.833581: Trước khi lấy món với ID 12
2025-04-15 18:52:09.833966: menu_item: <Item 12>
2025-04-15 18:52:09.834040: Trước khi lấy giá cho món 12
2025-04-15 18:52:09.834420: price_at_order: None
2025-04-15 18:52:09.834494: WARNING: Không tìm thấy giá cho món 12 tại 2025-04-15 11:01:51.065000
2025-04-15 18:52:09.834570: Định dạng tiền tệ: 0
2025-04-15 18:52:09.834644: Định dạng tiền tệ: 0.0
2025-04-15 18:52:09.834719: Xử lý mục: order_id=13, item_id=13
2025-04-15 18:52:09.834790: Trước khi lấy món với ID 13
2025-04-15 18:52:09.835173: menu_item: <Item 13>
2025-04-15 18:52:09.835245: Trước khi lấy giá cho món 13
2025-04-15 18:52:09.835606: price_at_order: None
2025-04-15 18:52:09.835678: WARNING: Không tìm thấy giá cho món 13 tại 2025-04-15 11:01:51.065000
2025-04-15 18:52:09.835750: Định dạng tiền tệ: 0
2025-04-15 18:52:09.835812: Định dạng tiền tệ: 0.0
2025-04-15 18:52:09.835892: Items cho đơn hàng 13: [{'name': 'Trà sữa', 'count': 1.0, 'price': '30,000 VNĐ', 'total': '30,000 VNĐ'}, {'name': 'Matcha Latte', 'count': 1.0, 'price': '0 VNĐ', 'total': '0 VNĐ'}, {'name': 'Soda Blue', 'count': 1.0, 'price': '0 VNĐ', 'total': '0 VNĐ'}, {'name': 'Soda Dâu', 'count': 1.0, 'price': '0 VNĐ', 'total': '0 VNĐ'}]
2025-04-15 18:52:09.835957: Định dạng tiền tệ: 122000.0
2025-04-15 18:52:09.836057: Bill data cho đơn hàng 13: {'order_id': 13, 'order_time': datetime.datetime(2025, 4, 15, 11, 1, 51, 65000), 'table_name': '16', 'items': [{'name': 'Trà sữa', 'count': 1.0, 'price': '30,000 VNĐ', 'total': '30,000 VNĐ'}, {'name': 'Matcha Latte', 'count': 1.0, 'price': '0 VNĐ', 'total': '0 VNĐ'}, {'name': 'Soda Blue', 'count': 1.0, 'price': '0 VNĐ', 'total': '0 VNĐ'}, {'name': 'Soda Dâu', 'count': 1.0, 'price': '0 VNĐ', 'total': '0 VNĐ'}], 'total_amount': '122,000 VNĐ'}
2025-04-15 18:52:09.836124: Thêm hóa đơn: order_id=13
2025-04-15 18:52:09.836183: Xử lý đơn hàng: 14
2025-04-15 18:52:09.836241: Trước khi lấy bàn cho đơn hàng 14
2025-04-15 18:52:09.836614: Table cho đơn hàng 14: <Table 7>
2025-04-15 18:52:09.836973: Order items type: <class 'sqlalchemy.orm.collections.InstrumentedList'>
2025-04-15 18:52:09.837069: Xử lý mục: order_id=14, item_id=11
2025-04-15 18:52:09.837162: Trước khi lấy món với ID 11
2025-04-15 18:52:09.837660: menu_item: <Item 11>
2025-04-15 18:52:09.837751: Trước khi lấy giá cho món 11
2025-04-15 18:52:09.838293: price_at_order: None
2025-04-15 18:52:09.838382: WARNING: Không tìm thấy giá cho món 11 tại 2025-04-15 11:02:00.719000
2025-04-15 18:52:09.838449: Định dạng tiền tệ: 0
2025-04-15 18:52:09.838515: Định dạng tiền tệ: 0.0
2025-04-15 18:52:09.838582: Items cho đơn hàng 14: [{'name': 'Matcha Latte', 'count': 5.0, 'price': '0 VNĐ', 'total': '0 VNĐ'}]
2025-04-15 18:52:09.838646: Định dạng tiền tệ: 200000.0
2025-04-15 18:52:09.838717: Bill data cho đơn hàng 14: {'order_id': 14, 'order_time': datetime.datetime(2025, 4, 15, 11, 2, 0, 719000), 'table_name': '07', 'items': [{'name': 'Matcha Latte', 'count': 5.0, 'price': '0 VNĐ', 'total': '0 VNĐ'}], 'total_amount': '200,000 VNĐ'}
2025-04-15 18:52:09.838811: Thêm hóa đơn: order_id=14
2025-04-15 18:52:09.838898: Xử lý đơn hàng: 15
2025-04-15 18:52:09.838959: Trước khi lấy bàn cho đơn hàng 15
2025-04-15 18:52:09.839410: Table cho đơn hàng 15: <Table 1>
2025-04-15 18:52:09.839795: Order items type: <class 'sqlalchemy.orm.collections.InstrumentedList'>
2025-04-15 18:52:09.839866: Xử lý mục: order_id=15, item_id=6
2025-04-15 18:52:09.839944: Trước khi lấy món với ID 6
2025-04-15 18:52:09.840324: menu_item: <Item 6>
2025-04-15 18:52:09.840396: Trước khi lấy giá cho món 6
2025-04-15 18:52:09.840829: price_at_order: <PriceItem 6, 2025-04-14 11:40:48.735831>
2025-04-15 18:52:09.840912: Định dạng tiền tệ: 10000.0
2025-04-15 18:52:09.840980: Định dạng tiền tệ: 10000.0
2025-04-15 18:52:09.841041: Xử lý mục: order_id=15, item_id=7
2025-04-15 18:52:09.841103: Trước khi lấy món với ID 7
2025-04-15 18:52:09.841493: menu_item: <Item 7>
2025-04-15 18:52:09.841569: Trước khi lấy giá cho món 7
2025-04-15 18:52:09.841950: price_at_order: <PriceItem 7, 2025-04-14 11:41:18.551949>
2025-04-15 18:52:09.842022: Định dạng tiền tệ: 12000.0
2025-04-15 18:52:09.842100: Định dạng tiền tệ: 12000.0
2025-04-15 18:52:09.842161: Xử lý mục: order_id=15, item_id=11
2025-04-15 18:52:09.842272: Trước khi lấy món với ID 11
2025-04-15 18:52:09.842642: menu_item: <Item 11>
2025-04-15 18:52:09.842718: Trước khi lấy giá cho món 11
2025-04-15 18:52:09.843089: price_at_order: None
2025-04-15 18:52:09.843164: WARNING: Không tìm thấy giá cho món 11 tại 2025-04-15 11:02:38.142000
2025-04-15 18:52:09.843230: Định dạng tiền tệ: 0
2025-04-15 18:52:09.843292: Định dạng tiền tệ: 0.0
2025-04-15 18:52:09.843357: Xử lý mục: order_id=15, item_id=12
2025-04-15 18:52:09.843417: Trước khi lấy món với ID 12
2025-04-15 18:52:09.843777: menu_item: <Item 12>
2025-04-15 18:52:09.843854: Trước khi lấy giá cho món 12
2025-04-15 18:52:09.844348: price_at_order: None
2025-04-15 18:52:09.844452: WARNING: Không tìm thấy giá cho món 12 tại 2025-04-15 11:02:38.142000
2025-04-15 18:52:09.844575: Định dạng tiền tệ: 0
2025-04-15 18:52:09.844699: Định dạng tiền tệ: 0.0
2025-04-15 18:52:09.844821: Items cho đơn hàng 15: [{'name': 'Cà phê', 'count': 1.0, 'price': '10,000 VNĐ', 'total': '10,000 VNĐ'}, {'name': 'Cà phê sữa', 'count': 1.0, 'price': '12,000 VNĐ', 'total': '12,000 VNĐ'}, {'name': 'Matcha Latte', 'count': 1.0, 'price': '0 VNĐ', 'total': '0 VNĐ'}, {'name': 'Soda Blue', 'count': 1.0, 'price': '0 VNĐ', 'total': '0 VNĐ'}]
2025-04-15 18:52:09.844898: Định dạng tiền tệ: 87000.0
2025-04-15 18:52:09.844997: Bill data cho đơn hàng 15: {'order_id': 15, 'order_time': datetime.datetime(2025, 4, 15, 11, 2, 38, 142000), 'table_name': '01', 'items': [{'name': 'Cà phê', 'count': 1.0, 'price': '10,000 VNĐ', 'total': '10,000 VNĐ'}, {'name': 'Cà phê sữa', 'count': 1.0, 'price': '12,000 VNĐ', 'total': '12,000 VNĐ'}, {'name': 'Matcha Latte', 'count': 1.0, 'price': '0 VNĐ', 'total': '0 VNĐ'}, {'name': 'Soda Blue', 'count': 1.0, 'price': '0 VNĐ', 'total': '0 VNĐ'}], 'total_amount': '87,000 VNĐ'}
2025-04-15 18:52:09.845068: Thêm hóa đơn: order_id=15
2025-04-15 18:52:09.845131: Xử lý đơn hàng: 16
2025-04-15 18:52:09.845253: Trước khi lấy bàn cho đơn hàng 16
2025-04-15 18:52:09.845863: Table cho đơn hàng 16: <Table 2>
2025-04-15 18:52:09.846336: Order items type: <class 'sqlalchemy.orm.collections.InstrumentedList'>
2025-04-15 18:52:09.846416: Xử lý mục: order_id=16, item_id=10
2025-04-15 18:52:09.846547: Trước khi lấy món với ID 10
2025-04-15 18:52:09.847040: menu_item: <Item 10>
2025-04-15 18:52:09.847117: Trước khi lấy giá cho món 10
2025-04-15 18:52:09.847550: price_at_order: None
2025-04-15 18:52:09.847628: WARNING: Không tìm thấy giá cho món 10 tại 2025-04-15 11:02:45.413000
2025-04-15 18:52:09.847707: Định dạng tiền tệ: 0
2025-04-15 18:52:09.847773: Định dạng tiền tệ: 0.0
2025-04-15 18:52:09.847837: Xử lý mục: order_id=16, item_id=11
2025-04-15 18:52:09.847897: Trước khi lấy món với ID 11
2025-04-15 18:52:09.848313: menu_item: <Item 11>
2025-04-15 18:52:09.848392: Trước khi lấy giá cho món 11
2025-04-15 18:52:09.848804: price_at_order: None
2025-04-15 18:52:09.848884: WARNING: Không tìm thấy giá cho món 11 tại 2025-04-15 11:02:45.413000
2025-04-15 18:52:09.848962: Định dạng tiền tệ: 0
2025-04-15 18:52:09.849028: Định dạng tiền tệ: 0.0
2025-04-15 18:52:09.849090: Xử lý mục: order_id=16, item_id=15
2025-04-15 18:52:09.849193: Trước khi lấy món với ID 15
2025-04-15 18:52:09.849626: menu_item: <Item 15>
2025-04-15 18:52:09.849707: Trước khi lấy giá cho món 15
2025-04-15 18:52:09.850097: price_at_order: None
2025-04-15 18:52:09.850174: WARNING: Không tìm thấy giá cho món 15 tại 2025-04-15 11:02:45.413000
2025-04-15 18:52:09.850243: Định dạng tiền tệ: 0
2025-04-15 18:52:09.850306: Định dạng tiền tệ: 0.0
2025-04-15 18:52:09.850377: Items cho đơn hàng 16: [{'name': 'Machiato', 'count': 1.0, 'price': '0 VNĐ', 'total': '0 VNĐ'}, {'name': 'Matcha Latte', 'count': 1.0, 'price': '0 VNĐ', 'total': '0 VNĐ'}, {'name': 'Bánh tráng trộn', 'count': 1.0, 'price': '0 VNĐ', 'total': '0 VNĐ'}]
2025-04-15 18:52:09.850442: Định dạng tiền tệ: 90000.0
2025-04-15 18:52:09.850512: Bill data cho đơn hàng 16: {'order_id': 16, 'order_time': datetime.datetime(2025, 4, 15, 11, 2, 45, 413000), 'table_name': '02', 'items': [{'name': 'Machiato', 'count': 1.0, 'price': '0 VNĐ', 'total': '0 VNĐ'}, {'name': 'Matcha Latte', 'count': 1.0, 'price': '0 VNĐ', 'total': '0 VNĐ'}, {'name': 'Bánh tráng trộn', 'count': 1.0, 'price': '0 VNĐ', 'total': '0 VNĐ'}], 'total_amount': '90,000 VNĐ'}
2025-04-15 18:52:09.850572: Thêm hóa đơn: order_id=16
2025-04-15 18:52:09.850631: Xử lý đơn hàng: 17
2025-04-15 18:52:09.850702: Trước khi lấy bàn cho đơn hàng 17
2025-04-15 18:52:09.851213: Table cho đơn hàng 17: <Table 3>
2025-04-15 18:52:09.851801: Order items type: <class 'sqlalchemy.orm.collections.InstrumentedList'>
2025-04-15 18:52:09.851907: Xử lý mục: order_id=17, item_id=6
2025-04-15 18:52:09.852000: Trước khi lấy món với ID 6
2025-04-15 18:52:09.852507: menu_item: <Item 6>
2025-04-15 18:52:09.852588: Trước khi lấy giá cho món 6
2025-04-15 18:52:09.853069: price_at_order: <PriceItem 6, 2025-04-14 11:40:48.735831>
2025-04-15 18:52:09.853146: Định dạng tiền tệ: 10000.0
2025-04-15 18:52:09.853212: Định dạng tiền tệ: 10000.0
2025-04-15 18:52:09.853274: Xử lý mục: order_id=17, item_id=7
2025-04-15 18:52:09.853334: Trước khi lấy món với ID 7
2025-04-15 18:52:09.853729: menu_item: <Item 7>
2025-04-15 18:52:09.853801: Trước khi lấy giá cho món 7
2025-04-15 18:52:09.854246: price_at_order: <PriceItem 7, 2025-04-14 11:41:18.551949>
2025-04-15 18:52:09.854326: Định dạng tiền tệ: 12000.0
2025-04-15 18:52:09.854467: Định dạng tiền tệ: 12000.0
2025-04-15 18:52:09.854547: Xử lý mục: order_id=17, item_id=8
2025-04-15 18:52:09.854610: Trước khi lấy món với ID 8
2025-04-15 18:52:09.855009: menu_item: <Item 8>
2025-04-15 18:52:09.855082: Trước khi lấy giá cho món 8
2025-04-15 18:52:09.855500: price_at_order: <PriceItem 8, 2025-04-15 00:21:02.708885>
2025-04-15 18:52:09.855579: Định dạng tiền tệ: 30000.0
2025-04-15 18:52:09.855662: Định dạng tiền tệ: 30000.0
2025-04-15 18:52:09.855742: Items cho đơn hàng 17: [{'name': 'Cà phê', 'count': 1.0, 'price': '10,000 VNĐ', 'total': '10,000 VNĐ'}, {'name': 'Cà phê sữa', 'count': 1.0, 'price': '12,000 VNĐ', 'total': '12,000 VNĐ'}, {'name': 'Trà sữa', 'count': 1.0, 'price': '30,000 VNĐ', 'total': '30,000 VNĐ'}]
2025-04-15 18:52:09.855815: Định dạng tiền tệ: 52000.0
2025-04-15 18:52:09.855901: Bill data cho đơn hàng 17: {'order_id': 17, 'order_time': datetime.datetime(2025, 4, 15, 11, 2, 52, 770000), 'table_name': '03', 'items': [{'name': 'Cà phê', 'count': 1.0, 'price': '10,000 VNĐ', 'total': '10,000 VNĐ'}, {'name': 'Cà phê sữa', 'count': 1.0, 'price': '12,000 VNĐ', 'total': '12,000 VNĐ'}, {'name': 'Trà sữa', 'count': 1.0, 'price': '30,000 VNĐ', 'total': '30,000 VNĐ'}], 'total_amount': '52,000 VNĐ'}
2025-04-15 18:52:09.855975: Thêm hóa đơn: order_id=17
2025-04-15 18:52:09.856037: Xử lý đơn hàng: 18
2025-04-15 18:52:09.856105: Trước khi lấy bàn cho đơn hàng 18
2025-04-15 18:52:09.856474: Table cho đơn hàng 18: <Table 4>
2025-04-15 18:52:09.856845: Order items type: <class 'sqlalchemy.orm.collections.InstrumentedList'>
2025-04-15 18:52:09.856921: Xử lý mục: order_id=18, item_id=14
2025-04-15 18:52:09.857000: Trước khi lấy món với ID 14
2025-04-15 18:52:09.857355: menu_item: <Item 14>
2025-04-15 18:52:09.857428: Trước khi lấy giá cho món 14
2025-04-15 18:52:09.857821: price_at_order: None
2025-04-15 18:52:09.857911: WARNING: Không tìm thấy giá cho món 14 tại 2025-04-15 11:03:01.394000
2025-04-15 18:52:09.857980: Định dạng tiền tệ: 0
2025-04-15 18:52:09.858054: Định dạng tiền tệ: 0.0
2025-04-15 18:52:09.858188: Items cho đơn hàng 18: [{'name': 'Mì Cay', 'count': 3.0, 'price': '0 VNĐ', 'total': '0 VNĐ'}]
2025-04-15 18:52:09.858315: Định dạng tiền tệ: 150000.0
2025-04-15 18:52:09.858435: Bill data cho đơn hàng 18: {'order_id': 18, 'order_time': datetime.datetime(2025, 4, 15, 11, 3, 1, 394000), 'table_name': '04', 'items': [{'name': 'Mì Cay', 'count': 3.0, 'price': '0 VNĐ', 'total': '0 VNĐ'}], 'total_amount': '150,000 VNĐ'}
2025-04-15 18:52:09.858518: Thêm hóa đơn: order_id=18
2025-04-15 18:52:09.858582: Xử lý đơn hàng: 19
2025-04-15 18:52:09.858659: Trước khi lấy bàn cho đơn hàng 19
2025-04-15 18:52:09.859247: Table cho đơn hàng 19: <Table 5>
2025-04-15 18:52:09.859704: Order items type: <class 'sqlalchemy.orm.collections.InstrumentedList'>
2025-04-15 18:52:09.859787: Xử lý mục: order_id=19, item_id=10
2025-04-15 18:52:09.859876: Trước khi lấy món với ID 10
2025-04-15 18:52:09.860377: menu_item: <Item 10>
2025-04-15 18:52:09.860457: Trước khi lấy giá cho món 10
2025-04-15 18:52:09.860901: price_at_order: None
2025-04-15 18:52:09.860979: WARNING: Không tìm thấy giá cho món 10 tại 2025-04-15 11:03:13.033000
2025-04-15 18:52:09.861044: Định dạng tiền tệ: 0
2025-04-15 18:52:09.861108: Định dạng tiền tệ: 0.0
2025-04-15 18:52:09.861174: Items cho đơn hàng 19: [{'name': 'Machiato', 'count': 2.0, 'price': '0 VNĐ', 'total': '0 VNĐ'}]
2025-04-15 18:52:09.861235: Định dạng tiền tệ: 60000.0
2025-04-15 18:52:09.861304: Bill data cho đơn hàng 19: {'order_id': 19, 'order_time': datetime.datetime(2025, 4, 15, 11, 3, 13, 33000), 'table_name': '05', 'items': [{'name': 'Machiato', 'count': 2.0, 'price': '0 VNĐ', 'total': '0 VNĐ'}], 'total_amount': '60,000 VNĐ'}
2025-04-15 18:52:09.861365: Thêm hóa đơn: order_id=19
2025-04-15 18:52:09.861425: Xử lý đơn hàng: 20
2025-04-15 18:52:09.861486: Trước khi lấy bàn cho đơn hàng 20
2025-04-15 18:52:09.861872: Table cho đơn hàng 20: <Table 1>
2025-04-15 18:52:09.862197: Order items type: <class 'sqlalchemy.orm.collections.InstrumentedList'>
2025-04-15 18:52:09.862269: Xử lý mục: order_id=20, item_id=5
2025-04-15 18:52:09.862346: Trước khi lấy món với ID 5
2025-04-15 18:52:09.862720: menu_item: <Item 5>
2025-04-15 18:52:09.862791: Trước khi lấy giá cho món 5
2025-04-15 18:52:09.863219: price_at_order: <PriceItem 5, 2025-04-14 10:27:10.737273>
2025-04-15 18:52:09.863293: Định dạng tiền tệ: 30000.0
2025-04-15 18:52:09.863360: Định dạng tiền tệ: 30000.0
2025-04-15 18:52:09.863474: Items cho đơn hàng 20: [{'name': 'gà rán', 'count': 1.0, 'price': '30,000 VNĐ', 'total': '30,000 VNĐ'}]
2025-04-15 18:52:09.863558: Định dạng tiền tệ: 30000.0
2025-04-15 18:52:09.863640: Bill data cho đơn hàng 20: {'order_id': 20, 'order_time': datetime.datetime(2025, 4, 15, 11, 6, 35, 572000), 'table_name': '01', 'items': [{'name': 'gà rán', 'count': 1.0, 'price': '30,000 VNĐ', 'total': '30,000 VNĐ'}], 'total_amount': '30,000 VNĐ'}
2025-04-15 18:52:09.863702: Thêm hóa đơn: order_id=20
2025-04-15 18:52:09.863760: Xử lý đơn hàng: 21
2025-04-15 18:52:09.863817: Trước khi lấy bàn cho đơn hàng 21
2025-04-15 18:52:09.863952: Table cho đơn hàng 21: <Table 1>
2025-04-15 18:52:09.864310: Order items type: <class 'sqlalchemy.orm.collections.InstrumentedList'>
2025-04-15 18:52:09.864384: Xử lý mục: order_id=21, item_id=6
2025-04-15 18:52:09.864445: Trước khi lấy món với ID 6
2025-04-15 18:52:09.864841: menu_item: <Item 6>
2025-04-15 18:52:09.864927: Trước khi lấy giá cho món 6
2025-04-15 18:52:09.865667: price_at_order: <PriceItem 6, 2025-04-14 11:40:48.735831>
2025-04-15 18:52:09.865828: Định dạng tiền tệ: 10000.0
2025-04-15 18:52:09.865933: Định dạng tiền tệ: 10000.0
2025-04-15 18:52:09.866014: Items cho đơn hàng 21: [{'name': 'Cà phê', 'count': 1.0, 'price': '10,000 VNĐ', 'total': '10,000 VNĐ'}]
2025-04-15 18:52:09.866106: Định dạng tiền tệ: 10000.0
2025-04-15 18:52:09.866209: Bill data cho đơn hàng 21: {'order_id': 21, 'order_time': datetime.datetime(2025, 4, 15, 11, 10, 58, 54000), 'table_name': '01', 'items': [{'name': 'Cà phê', 'count': 1.0, 'price': '10,000 VNĐ', 'total': '10,000 VNĐ'}], 'total_amount': '10,000 VNĐ'}
2025-04-15 18:52:09.866285: Thêm hóa đơn: order_id=21
2025-04-15 18:52:09.866351: Xử lý đơn hàng: 22
2025-04-15 18:52:09.866440: Trước khi lấy bàn cho đơn hàng 22
2025-04-15 18:52:09.866687: Table cho đơn hàng 22: <Table 1>
2025-04-15 18:52:09.867193: Order items type: <class 'sqlalchemy.orm.collections.InstrumentedList'>
2025-04-15 18:52:09.867272: Xử lý mục: order_id=22, item_id=6
2025-04-15 18:52:09.867349: Trước khi lấy món với ID 6
2025-04-15 18:52:09.867515: menu_item: <Item 6>
2025-04-15 18:52:09.867580: Trước khi lấy giá cho món 6
2025-04-15 18:52:09.868099: price_at_order: <PriceItem 6, 2025-04-14 11:40:48.735831>
2025-04-15 18:52:09.868173: Định dạng tiền tệ: 10000.0
2025-04-15 18:52:09.868236: Định dạng tiền tệ: 10000.0
2025-04-15 18:52:09.868355: Items cho đơn hàng 22: [{'name': 'Cà phê', 'count': 1.0, 'price': '10,000 VNĐ', 'total': '10,000 VNĐ'}]
2025-04-15 18:52:09.868447: Định dạng tiền tệ: 10000.0
2025-04-15 18:52:09.868552: Bill data cho đơn hàng 22: {'order_id': 22, 'order_time': datetime.datetime(2025, 4, 15, 11, 12, 37, 216000), 'table_name': '01', 'items': [{'name': 'Cà phê', 'count': 1.0, 'price': '10,000 VNĐ', 'total': '10,000 VNĐ'}], 'total_amount': '10,000 VNĐ'}
2025-04-15 18:52:09.868620: Thêm hóa đơn: order_id=22
2025-04-15 18:52:09.868678: Xử lý đơn hàng: 23
2025-04-15 18:52:09.868735: Trước khi lấy bàn cho đơn hàng 23
2025-04-15 18:52:09.868878: Table cho đơn hàng 23: <Table 1>
2025-04-15 18:52:09.869298: Order items type: <class 'sqlalchemy.orm.collections.InstrumentedList'>
2025-04-15 18:52:09.869378: Xử lý mục: order_id=23, item_id=6
2025-04-15 18:52:09.869457: Trước khi lấy món với ID 6
2025-04-15 18:52:09.869606: menu_item: <Item 6>
2025-04-15 18:52:09.869672: Trước khi lấy giá cho món 6
2025-04-15 18:52:09.870116: price_at_order: <PriceItem 6, 2025-04-14 11:40:48.735831>
2025-04-15 18:52:09.870197: Định dạng tiền tệ: 10000.0
2025-04-15 18:52:09.870277: Định dạng tiền tệ: 10000.0
2025-04-15 18:52:09.870346: Items cho đơn hàng 23: [{'name': 'Cà phê', 'count': 1.0, 'price': '10,000 VNĐ', 'total': '10,000 VNĐ'}]
2025-04-15 18:52:09.870427: Định dạng tiền tệ: 10000.0
2025-04-15 18:52:09.870508: Bill data cho đơn hàng 23: {'order_id': 23, 'order_time': datetime.datetime(2025, 4, 15, 11, 18, 14, 39000), 'table_name': '01', 'items': [{'name': 'Cà phê', 'count': 1.0, 'price': '10,000 VNĐ', 'total': '10,000 VNĐ'}], 'total_amount': '10,000 VNĐ'}
2025-04-15 18:52:09.870576: Thêm hóa đơn: order_id=23
2025-04-15 18:52:09.870635: Xử lý đơn hàng: 24
2025-04-15 18:52:09.870693: Trước khi lấy bàn cho đơn hàng 24
2025-04-15 18:52:09.870840: Table cho đơn hàng 24: <Table 1>
2025-04-15 18:52:09.871159: Order items type: <class 'sqlalchemy.orm.collections.InstrumentedList'>
2025-04-15 18:52:09.871241: Xử lý mục: order_id=24, item_id=5
2025-04-15 18:52:09.871306: Trước khi lấy món với ID 5
2025-04-15 18:52:09.871710: menu_item: <Item 5>
2025-04-15 18:52:09.871802: Trước khi lấy giá cho món 5
2025-04-15 18:52:09.872300: price_at_order: <PriceItem 5, 2025-04-14 10:27:10.737273>
2025-04-15 18:52:09.872400: Định dạng tiền tệ: 30000.0
2025-04-15 18:52:09.872503: Định dạng tiền tệ: 30000.0
2025-04-15 18:52:09.872609: Items cho đơn hàng 24: [{'name': 'gà rán', 'count': 1.0, 'price': '30,000 VNĐ', 'total': '30,000 VNĐ'}]
2025-04-15 18:52:09.872689: Định dạng tiền tệ: 30000.0
2025-04-15 18:52:09.872800: Bill data cho đơn hàng 24: {'order_id': 24, 'order_time': datetime.datetime(2025, 4, 15, 11, 39, 52, 482000), 'table_name': '01', 'items': [{'name': 'gà rán', 'count': 1.0, 'price': '30,000 VNĐ', 'total': '30,000 VNĐ'}], 'total_amount': '30,000 VNĐ'}
2025-04-15 18:52:09.872883: Thêm hóa đơn: order_id=24
2025-04-15 18:52:09.873007: Chuẩn bị render template với 19 hóa đơn
